tpr,new_tweets,threshold,fpr,fpr2
0.0009920634920634,23,96321.9309930993,0.0008195845062894203,1.6946305263375057e-05
0.0019841269841269,34,88482.72157215721,0.0012115597049495777,2.505105995455443e-05
0.0029761904761904,40,83740.72127212721,0.001425364358764209,2.947183524065227e-05
0.0039682539682539,48,80460.75757575758,0.001710437230517051,3.536620228878272e-05
0.0049603174603174,49,80095.24842484249,0.001746071339486156,3.6102998169799034e-05
0.0059523809523809,62,76728.71677167717,0.002209314756084524,4.568134462301102e-05
0.0069444444444444,77,71342.26612661267,0.0027438263906211027,5.673328283825562e-05
0.0079365079365079,86,69033.78727872788,0.0030645333713430496,6.336444576740239e-05
0.0089285714285714,102,66003.9087908791,0.0036346791148487334,7.515317986366329e-05
0.0099206349206349,104,65898.10351035104,0.0037059473327869436,7.662677162569591e-05
0.0109126984126984,106,65667.25562556257,0.0037772155507251543,7.810036338772852e-05
0.0119047619047619,114,64118.65106510651,0.004062288422477996,8.399473043585897e-05
0.0128968253968253,122,63320.30213021302,0.004347361294230838,8.988909748398942e-05
0.0138888888888888,131,61848.64686468647,0.0046680682749527845,9.652026041313618e-05
0.0148809523809523,142,60136.52505250525,0.0050600434736129424,0.00010462501510431557
0.0158730158730158,173,56943.12931293129,0.006164700851655204,0.00012746568741582107
0.0168650793650793,176,56433.3402340234,0.00627160317856252,0.00012967607505887
0.0178571428571428,180,56135.16171617162,0.006414139614438941,0.0001326232585829352
0.0188492063492063,187,55000.1596159616,0.0066635783772226774,0.00013778082975004938
0.0198412698412698,199,54028.67476747675,0.0070911876848519404,0.00014662238032224506
0.0208333333333333,207,53268.800480048005,0.007376260556604782,0.0001525167473703755
0.0218253968253968,210,53105.283228322834,0.0074831628835120975,0.00015472713501342442
0.0228174603174603,233,50604.43114311432,0.008302747389801518,0.00017167344027679948
0.0238095238095238,238,50383.20192019202,0.008480917934647045,0.000175357419681881
0.0248015873015873,244,49584.85298529853,0.008694722588461675,0.00017977819496797884
0.0257936507936507,264,47968.917791779175,0.00940740476784378,0.00019451411258830499
0.0267857142857142,274,47449.5100510051,0.009763745857534832,0.00020188207139846805
0.0287698412698412,279,47103.23822382238,0.009941916402380358,0.0002055660508035496
0.0297619047619047,287,46304.88928892889,0.010226989274133201,0.00021146041785168005
0.0307539682539682,291,46054.804080408045,0.010369525710009622,0.00021440760137574527
0.0317460317460317,323,43890.60516051605,0.011509817197020988,0.00023798506956826707
0.0327380952380952,332,43659.75727572757,0.011830524177742935,0.00024461623249741386
0.0337301587301587,356,42486.280528052805,0.012685742793001461,0.00026229933364180523
0.0347222222222222,358,42447.80588058806,0.012757011010939671,0.0002637729254038378
0.0357142857142857,369,42053.44074407441,0.013148986209599828,0.0002718776800950172
0.0367063492063492,373,41610.98229822982,0.01329152264547625,0.0002748248636190824
0.0376984126984126,374,41601.36363636364,0.013327156754445355,0.00027556165950009875
0.0386904761904761,379,41466.70237023702,0.013505327299290881,0.00027924563890518024
0.0396825396825396,383,41322.42244224423,0.013647863735167302,0.0002821928224292455
0.0406746031746031,394,40995.38793879388,0.01403983893382746,0.00029029757712042487
0.0416666666666666,409,40754.921392139215,0.014574350568364038,0.00030134951533566945
0.0426587301587301,417,40485.59885988599,0.01485942344011688,0.00030724388238379994
0.0436507936507936,425,40168.18301830183,0.015144496311869721,0.0003131382494319304
0.0446428571428571,428,39821.91119111912,0.015251398638777038,0.0003153486370749793
0.0456349206349206,437,39494.876687668766,0.015572105619498984,0.00032197980000412606
0.0466269841269841,455,38936.99429942994,0.01621351958094288,0.0003352421258624196
0.0476190476190476,458,38840.80768076808,0.016320421907850192,0.0003374525135054685
0.0486111111111111,469,38456.06120612061,0.016712397106510353,0.00034555726819664786
0.0496031746031746,471,38398.349234923495,0.01678366532444856,0.0003470308599586805
0.050595238095238,476,38205.97599759976,0.01696183586929409,0.000350714839363762
0.0515873015873015,483,37811.61086108611,0.017211274632077826,0.0003558724105308762
0.052579365079365,488,37542.28832883288,0.01738944517692335,0.0003595563899359577
0.0535714285714285,508,36888.21932193219,0.018102127356305456,0.00037429230755628385
0.054563492063492,523,36407.28622862286,0.018636638990842034,0.00038534424577152843
0.0555555555555555,525,36311.099609961,0.018707907208780246,0.0003868178375335611
0.056547619047619,551,35743.598559855986,0.01963439404197698,0.00040597453043998504
0.0575396825396825,563,35474.27602760276,0.02006200334960624,0.0004148160810121807
0.058531746031746,568,35349.23342334233,0.02024017389445177,0.00041850006041726227
0.0595238095238095,570,35329.99609960996,0.020311442112389978,0.00041997365217929486
0.060515873015873,597,34589.35913591359,0.02127356305455582,0.0004398671409667351
0.0615079365079365,620,33656.34893489349,0.022093147560845242,0.0004568134462301102
0.0625,624,33540.92499249925,0.022235683996721663,0.00045976062975417543
0.0634920634920634,632,33348.55175517552,0.022520756868474504,0.00046565499680230587
0.0644841269841269,640,33223.509150915095,0.022805829740227344,0.0004715493638504363
0.0654761904761904,641,33204.27182718272,0.022841463849196452,0.00047228615973145266
0.0664682539682539,653,33021.51725172518,0.023269073156825713,0.00048112771030364834
0.0674603174603174,655,32983.04260426042,0.023340341374763925,0.00048260130206568094
0.0684523809523809,657,32963.80528052805,0.023411609592702134,0.00048407489382771353
0.0694444444444444,658,32954.18661866187,0.023447243701671238,0.00048481168970872983
0.0704365079365079,659,32906.09330933093,0.023482877810640346,0.0004855484855897462
0.0724206349206349,663,32896.47464746475,0.023625414246516766,0.0004884956691138114
0.0734126984126984,665,32809.90669066907,0.023696682464454975,0.000489969260875844
0.0744047619047619,671,32704.10141014101,0.023910487118269607,0.0004943900361619419
0.0753968253968253,676,32579.058805880588,0.024088657663115135,0.0004980740155670234
0.0763888888888889,695,32155.83768376837,0.024765705733528133,0.0005120731373063332
0.0773809523809523,706,31934.608460846084,0.02515768093218829,0.0005201778919975126
0.0783730158730158,716,31722.997899789974,0.025514022021879343,0.0005275458508076756
0.0793650793650793,718,31703.760576057604,0.025585290239817555,0.0005290194425697082
0.0803571428571428,722,31655.667266726672,0.025727826675693975,0.0005319666260937734
0.0813492063492063,734,31299.77677767777,0.026155435983323237,0.0005408081766659691
0.0823412698412698,740,31107.40354035404,0.02636924063713787,0.000545228951952067
0.0833333333333333,748,30915.030303030304,0.02665431350889071,0.0005511233190001975
0.0843253968253968,754,30866.93699369937,0.026868118162705342,0.0005555440942862953
0.0853174603174603,760,30780.36903690369,0.027081922816519974,0.0005599648695723932
0.0873015873015873,776,30280.198619861985,0.027652068560025656,0.0005717536036686541
0.0882936507936508,784,30145.537353735373,0.027937141431778497,0.0005776479707167845
0.0892857142857142,801,29847.358835883588,0.028542921284253286,0.0005901735006940617
0.0902777777777777,804,29828.12151215121,0.028649823611160603,0.0005923838883371106
0.0912698412698412,806,29780.02820282028,0.028721091829098815,0.0005938574800991432
0.0922619047619047,842,29097.10321032103,0.030003919751986602,0.0006203821318157303
0.0932539682539682,847,28856.63666366637,0.030182090296832127,0.0006240661112208118
0.0942460317460317,856,28721.975397539754,0.030502797277554075,0.0006306972741499586
0.0952380952380952,861,28616.1701170117,0.0306809678223996,0.0006343812535550401
0.0962301587301587,869,28443.034203420342,0.030966040694152444,0.0006402756206031706
0.0972222222222222,870,28433.41554155416,0.03100167480312155,0.0006410124164841869
0.0982142857142857,874,28356.466246624663,0.03114421123899797,0.0006439596000082521
0.0992063492063492,889,28000.57575757576,0.03167872287353455,0.0006550115382234967
0.1001984126984127,905,27760.10921092109,0.03224886861704023,0.0006668002723197576
0.1011904761904761,913,27596.59195919592,0.03253394148879307,0.0006726946393678881
0.1021825396825396,915,27481.16801680168,0.03260520970673128,0.0006741682311299207
0.1031746031746031,929,27269.557455745577,0.033104087232298754,0.000684483373464149
0.1041666666666666,967,26836.717671767172,0.03445818337312476,0.0007124816169427686
0.1051587301587301,968,26827.09900990099,0.03449381748209386,0.000713218412823785
0.1061507936507936,972,26682.81908190819,0.03463635391797028,0.0007161655963478502
0.1071428571428571,978,26634.725772577254,0.03485015857178491,0.0007205863716339481
0.1081349206349206,983,26528.920492049205,0.03502832911663044,0.0007242703510390295
0.1091269841269841,998,26355.78457845785,0.035562840751167016,0.0007353222892542741
0.1101190476190476,1002,26307.691269126917,0.03570537718704344,0.0007382694727783394
0.1111111111111111,1007,26269.216621662166,0.03588354773188896,0.0007419534521834209
0.1121031746031746,1015,26153.792679267928,0.03616862060364181,0.0007478478192315514
0.1130952380952381,1025,26086.462046204622,0.03652496169333286,0.0007552157780417144
0.1140873015873015,1030,26028.7500750075,0.036703132238178386,0.000758899757446796
0.115079365079365,1050,25807.52085208521,0.03741581441756049,0.0007736356750671222
0.1160714285714285,1056,25759.427542754274,0.03762961907137512,0.0007780564503532199
0.117063492063492,1074,25567.05430543054,0.038271033032819014,0.0007913187762115134
0.1180555555555555,1075,25557.43564356436,0.03830666714178812,0.0007920555720925298
0.119047619047619,1077,25538.198319831983,0.03837793535972633,0.0007935291638545624
0.1200396825396825,1084,25461.24902490249,0.038627374122510064,0.0007986867350216765
0.121031746031746,1089,25413.15571557156,0.03880554466735559,0.000802370714426758
0.1220238095238095,1097,25307.350435043503,0.03909061753910843,0.0008082650814748885
0.123015873015873,1106,25211.16381638164,0.039411324519830385,0.0008148962444040353
0.1240079365079365,1112,25105.358535853586,0.03962512917364501,0.0008193170196901332
0.125,1118,25047.646564656465,0.03983893382745964,0.000823737794976231
0.1259920634920635,1120,25038.02790279028,0.03991020204539786,0.0008252113867382635
0.1269841269841269,1128,24912.985298529853,0.0401952749171507,0.000831105753786394
0.1279761904761904,1132,24884.12931293129,0.040337811353027116,0.0008340529373104592
0.1289682539682539,1134,24874.510651065106,0.04040907957096533,0.0008355265290724918
0.1299603174603174,1136,24864.89198919892,0.04048034778890354,0.0008370001208345245
0.1309523809523809,1138,24855.27332733273,0.04055161600684175,0.0008384737125965571
0.1319444444444444,1143,24797.56135613561,0.040729786551687276,0.0008421576920016387
0.1329365079365079,1168,24451.289528952897,0.0416206392759149,0.0008605775890270463
0.1339285714285714,1183,24172.348334833485,0.04215515091045149,0.0008716295272422909
0.1349206349206349,1186,24162.729672967296,0.0422620532373588,0.0008738399148853399
0.1369047619047619,1194,24105.01770177018,0.04254712610911164,0.0008797342819334702
0.1378968253968254,1196,24076.161716171617,0.04261839432704985,0.0008812078736955029
0.1388888888888889,1198,24056.924392439243,0.042689662544988065,0.0008826814654575355
0.1398809523809523,1200,24037.68706870687,0.04276093076292627,0.0008841550572195681
0.1408730158730158,1202,24018.4497449745,0.04283219898086448,0.0008856286489816007
0.1418650793650793,1210,23931.881788178816,0.04311727185261732,0.0008915230160297312
0.1428571428571428,1217,23797.220522052205,0.04336671061540106,0.0008966805871968454
0.1438492063492063,1221,23777.98319831983,0.04350924705127748,0.0008996277707209106
0.1448412698412698,1240,23556.75397539754,0.044186295121690485,0.0009136268924602204
0.1458333333333333,1242,23537.51665166517,0.04425756333962869,0.000915100484222253
0.1478174603174603,1249,23470.18601860186,0.04450700210241243,0.0009202580553893671
0.1488095238095238,1258,23383.61806180618,0.044827709083134375,0.000926889218318514
0.1498015873015873,1266,23287.43144314432,0.045112781954887216,0.0009327835853666443
0.1507936507936507,1271,23268.194119411943,0.045290952499732744,0.0009364675647717259
0.1517857142857142,1273,23248.95679567957,0.04536222071767095,0.0009379411565337585
0.1527777777777778,1287,23095.058205820584,0.045861098243238425,0.0009482562988679869
0.1547619047619047,1307,22931.54095409541,0.04657378042262053,0.0009629922164883129
0.1557539682539682,1308,22921.922292229225,0.046609414531589635,0.0009637290123693293
0.1577380952380952,1312,22912.30363036304,0.04675195096746606,0.0009666761958933945
0.1587301587301587,1315,22902.68496849685,0.04685885329437337,0.0009688865835364434
0.1597222222222222,1317,22883.44764476448,0.04693012151231159,0.000970360175298476
0.1607142857142857,1319,22873.82898289829,0.047001389730249796,0.0009718337670605086
0.1617063492063492,1320,22864.210321032104,0.0470370238392189,0.000972570562941525
0.1626984126984127,1326,22816.11701170117,0.04725082849303353,0.0009769913382276227
0.1636904761904762,1337,22719.930393039303,0.047642803691693686,0.0009850960929188022
0.1646825396825396,1342,22691.074407440745,0.047820974236539214,0.0009887800723238837
0.1656746031746031,1352,22585.26912691269,0.04817731532623027,0.0009961480311340468
0.1666666666666666,1356,22479.46384638464,0.04831985176210669,0.000999095214658112
0.1676587301587301,1366,22325.565256525653,0.048676192851797744,0.001006463173468275
0.1686507936507936,1367,22315.946594659465,0.04871182696076685,0.0010071999693492914
0.1706349206349206,1371,22296.70927092709,0.048854363396643265,0.0010101471528733566
0.1716269841269841,1390,22133.19201920192,0.049531411467056266,0.0010241462746126665
0.1726190476190476,1396,22065.86138613861,0.0497452161208709,0.0010285670498987644
0.1736111111111111,1403,21998.53075307531,0.049994654883654635,0.0010337246210658784
0.1746031746031746,1409,21960.05610561056,0.05020845953746927,0.0010381453963519763
0.175595238095238,1418,21911.96279627963,0.05052916651819121,0.001044776559281123
0.1765873015873016,1421,21883.106810681067,0.050636068845098525,0.0010469869469241719
0.1775793650793651,1425,21863.869486948694,0.05077860528097495,0.001049934130448237
0.1785714285714285,1430,21786.920192019203,0.05095677582582048,0.0010536181098533186
0.179563492063492,1433,21767.68286828683,0.05106367815272779,0.0010558284974963676
0.1805555555555555,1435,21738.82688268827,0.051134946370666,0.0010573020892584001
0.181547619047619,1442,21690.73357335733,0.051384385133449735,0.0010624596604255144
0.1825396825396825,1446,21661.877587758776,0.05152692156932616,0.0010654068439495796
0.183531746031746,1451,21633.021602160217,0.05170509211417169,0.0010690908233546611
0.1845238095238095,1467,21479.123012301232,0.05227523785767737,0.001080879557450922
0.185515873015873,1487,21325.224422442243,0.052987920037059474,0.0010956154750712483
0.1865079365079365,1493,21296.368436843684,0.05320172469087411,0.001100036250357346
0.1875,1498,21238.656465646563,0.05337989523571963,0.0011037202297624275
0.1884920634920635,1500,21219.419141914197,0.05345116345365784,0.0011051938215244602
0.1894841269841269,1502,21200.18181818182,0.05352243167159605,0.0011066674132864927
0.1914682539682539,1507,21180.944494449446,0.05370060221644158,0.0011103513926915742
0.1924603174603174,1509,21171.325832583258,0.05377187043437979,0.001111824984453607
0.1934523809523809,1512,21113.61386138614,0.0538787727612871,0.0011140353720966558
0.1954365079365079,1517,21075.139213921397,0.05405694330613263,0.0011177193515017373
0.1964285714285714,1518,21065.520552055204,0.054092577415101734,0.0011184561473827537
0.1974206349206349,1527,20950.096609660966,0.054413284395823686,0.0011250873103119004
0.1984126984126984,1533,20911.62196219622,0.05462708904963831,0.0011295080855979983
0.1994047619047619,1543,20815.435343534355,0.05498343013932937,0.0011368760444081614
0.2003968253968254,1545,20786.579357935792,0.055054698357267576,0.0011383496361701939
0.2013888888888889,1549,20738.48604860486,0.055197234793144,0.0011412968196942593
0.2023809523809523,1551,20709.6300630063,0.05526850301108221,0.0011427704114562918
0.2033730158730158,1555,20651.91809180918,0.05541103944695863,0.001145717594980357
0.2043650793650793,1589,20344.12091209121,0.056622599151908204,0.0011707686549349114
0.2053571428571428,1594,20296.02760276028,0.05680076969675373,0.001174452634339993
0.2063492063492063,1605,20161.366336633662,0.05719274489541389,0.0011825573890311724
0.2073412698412698,1624,20065.1797179718,0.05786979296582689,0.0011965565107704822
0.2083333333333333,1640,19940.13711371137,0.058439938709332576,0.0012083452448667432
0.2093253968253968,1641,19930.518451845182,0.05847557281830168,0.0012090820407477593
0.2103174603174603,1660,19843.950495049507,0.059152620888714674,0.0012230811624870692
0.2113095238095238,1689,19680.433243324333,0.06018601004881873,0.001244448243036542
0.2123015873015873,1694,19641.958595859585,0.06036418059366425,0.0012481322224416236
0.2132936507936507,1698,19593.865286528653,0.06050671702954068,0.0012510794059656888
0.2142857142857142,1714,19507.297329732974,0.06107686277304636,0.0012628681400619498
0.2152777777777778,1715,19497.67866786679,0.06111249688201546,0.0012636049359429661
0.2172619047619047,1721,19468.822682268223,0.061326301535830095,0.001268025711229064
0.2182539682539682,1722,19459.20402040204,0.0613619356447992,0.0012687625071100802
0.2192460317460317,1740,19334.16141614161,0.0620033496062431,0.0012820248329683738
0.2202380952380952,1745,19314.92409240924,0.062181520151088625,0.0012857088123734554
0.2212301587301587,1748,19295.686768676867,0.06228842247799594,0.0012879192000165042
0.2222222222222222,1752,19276.449444944494,0.06243095891387236,0.0012908663835405694
0.2232142857142857,1757,19228.35613561356,0.06260912945871788,0.001294550362945651
0.2242063492063492,1758,19218.737473747376,0.06264476356768699,0.0012952871588266673
0.2251984126984127,1768,19151.406840684067,0.06300110465737804,0.0013026551176368304
0.2261904761904762,1774,19122.55085508551,0.06321490931119267,0.0013070758929229283
0.2271825396825396,1775,19103.31353135313,0.06325054342016177,0.0013078126888039444
0.2281746031746031,1784,19084.07620762076,0.06357125040088372,0.0013144438517330912
0.2291666666666666,1787,19074.457545754576,0.06367815272779104,0.0013166542393761402
0.2301587301587301,1790,19045.601560156018,0.06378505505469836,0.001318864627019189
0.2311507936507936,1796,19016.74557455745,0.06399885970851299,0.001323285402305287
0.2321428571428571,1804,18987.889588958897,0.06428393258026584,0.0013291797693534173
0.2331349206349206,1810,18939.796279627964,0.06449773723408046,0.0013336005446395152
0.2341269841269841,1812,18930.177617761776,0.06456900545201867,0.001335074136401548
0.2351190476190476,1822,18862.84698469847,0.06492534654170973,0.001342442095211711
0.2361111111111111,1833,18805.13501350135,0.06531732174036989,0.0013505468499028902
0.2371031746031746,1837,18776.27902790279,0.0654598581762463,0.0013534940334269554
0.238095238095238,1860,18631.99909990999,0.06627944268253572,0.0013704403386903307
0.2400793650793651,1870,18545.43114311431,0.06663578377222677,0.0013778082975004938
0.2410714285714285,1887,18449.24452445245,0.06724156362470156,0.0013903338274777709
0.242063492063492,1889,18439.625862586257,0.06731283184263978,0.0013918074192398036
0.2430555555555555,1898,18410.7698769877,0.06763353882336172,0.0013984385821689503
0.2450396825396825,1903,18372.29522952295,0.06781170936820725,0.0014021225615740319
0.246031746031746,1914,18285.727272727272,0.0682036845668674,0.001410227316265211
0.2470238095238095,1933,18179.92199219922,0.06888073263728041,0.001424226438004521
0.248015873015873,1943,18141.447344734475,0.06923707372697145,0.001431594396814684
0.2490079365079365,1951,18102.972697269728,0.0695221465987243,0.0014374887638628146
0.25,1959,18074.11671167117,0.06980721947047715,0.001443383130910945
0.2509920634920635,1970,17977.9300930093,0.0701991946691373,0.0014514878856021244
0.251984126984127,1972,17968.311431143113,0.0702704628870755,0.001452961477364157
0.2529761904761904,1979,17929.83678367837,0.07051990164985925,0.0014581190485312711
0.2549603174603174,1983,17872.12481248125,0.07066243808573566,0.0014610662320553363
0.2559523809523809,2017,17708.607560756074,0.07187399779068525,0.0014861172920098908
0.2569444444444444,2019,17679.751575157516,0.07194526600862346,0.0014875908837719233
0.2579365079365079,2022,17670.13291329133,0.07205216833553077,0.0014898012714149723
0.2589285714285714,2042,17583.56495649565,0.07276485051491287,0.0015045371890352985
0.2599206349206349,2072,17410.429042904292,0.07383387378398604,0.0015266410654657875
0.2609126984126984,2082,17343.098409840983,0.07419021487367708,0.0015340090242759506
0.2628968253968254,2096,17304.62376237624,0.07468909239924455,0.001544324166610179
0.2648809523809524,2108,17246.911791179118,0.07511670170687382,0.0015531657171823747
0.2658730158730158,2111,17218.05580558056,0.07522360403378113,0.0015553761048254235
0.2668650793650793,2119,17169.962496249624,0.07550867690553398,0.0015612704718735541
0.2678571428571428,2124,17102.631863186318,0.0756868474503795,0.0015649544512786355
0.2688492063492063,2144,17006.445244524453,0.07639952962976161,0.0015796903688989616
0.2698412698412698,2150,16977.589258925895,0.07661333428357624,0.0015841111441850595
0.2708333333333333,2152,16958.351935193517,0.07668460250151445,0.0015855847359470922
0.2718253968253968,2165,16862.165316531653,0.07714784591811281,0.0015951630824003042
0.2738095238095238,2167,16852.546654665464,0.07721911413605102,0.0015966366741623369
0.2757936507936508,2170,16833.309330933094,0.07732601646295835,0.0015988470618053857
0.2767857142857143,2181,16737.12271227123,0.0777179916616185,0.0016069518164965651
0.2777777777777778,2187,16717.885388538853,0.07793179631543314,0.0016113725917826628
0.2787698412698413,2207,16621.698769876988,0.07864447849481523,0.001626108509402989
0.2797619047619047,2210,16602.461446144614,0.07875138082172255,0.001628318897046038
0.2807539682539682,2246,16410.088208820882,0.08003420874461034,0.001654843548762625
0.2817460317460317,2251,16381.232223222323,0.08021237928945586,0.0016585275281677065
0.2827380952380952,2252,16371.613561356136,0.08024801339842497,0.0016592643240487229
0.2837301587301587,2257,16333.13891389139,0.0804261839432705,0.0016629483034538044
0.2847222222222222,2273,16236.952295229525,0.08099632968677618,0.0016747370375500652
0.2857142857142857,2276,16217.71497149715,0.0811032320136835,0.0016769474251931143
0.2867063492063492,2280,16198.477647764776,0.08124576844955991,0.0016798946087171794
0.2876984126984127,2289,16179.240324032404,0.08156647543028187,0.0016865257716463262
0.2886904761904761,2300,16121.528352835285,0.08195845062894203,0.0016946305263375056
0.2896825396825397,2304,16111.909690969098,0.08210098706481844,0.0016975777098615708
0.2906746031746032,2320,16034.960396039603,0.08267113280832412,0.0017093664439578318
0.2916666666666667,2328,16006.104410441045,0.08295620568007697,0.0017152608110059622
0.2926587301587302,2345,15909.91779177918,0.08356198553255176,0.0017277863409832393
0.2946428571428571,2354,15881.061806180618,0.08388269251327371,0.001734417503912386
0.2956349206349206,2363,15804.112511251124,0.08420339949399565,0.001741048666841533
0.2966269841269841,2381,15707.92589258926,0.08484481345543955,0.0017543109926998264
0.2976190476190476,2384,15698.307230723072,0.08495171578234686,0.0017565213803428753
0.2986111111111111,2391,15679.0699069907,0.0852011545451306,0.0017616789515099895
0.2996031746031746,2397,15659.832583258329,0.08541495919894523,0.0017660997267960872
0.3005952380952381,2401,15640.595259525951,0.08555749563482165,0.0017690469103201526
0.302579365079365,2408,15611.739273927393,0.0858069343976054,0.0017742044814872667
0.304563492063492,2416,15573.264626462646,0.08609200726935823,0.0017800988485353973
0.3055555555555556,2418,15554.027302730274,0.08616327548729644,0.0017815724402974297
0.3075396825396825,2427,15525.171317131711,0.08648398246801839,0.0017882036032265765
0.308531746031746,2439,15477.07800780078,0.08691159177564765,0.0017970451537987723
0.3095238095238095,2450,15438.603360336034,0.08730356697430781,0.0018051499084899515
0.310515873015873,2451,15409.747374737472,0.08733920108327692,0.0018058867043709678
0.3115079365079365,2453,15400.128712871288,0.08741046930121513,0.0018073602961330005
0.3125,2465,15342.416741674167,0.08783807860884439,0.0018162018467051961
0.3134920634920635,2473,15294.323432343235,0.08812315148059723,0.0018220962137533267
0.314484126984127,2476,15284.704770477048,0.08823005380750454,0.0018243066013963756
0.3154761904761904,2477,15275.086108610862,0.08826568791647364,0.001825043397277392
0.3164682539682539,2488,15217.37413741374,0.0886576631151338,0.0018331481519685711
0.3174603174603174,2498,15178.899489948995,0.08901400420482486,0.0018405161107787342
0.3184523809523809,2501,15150.043504350437,0.08912090653173217,0.0018427264984217833
0.3194444444444444,2511,15130.80618061806,0.08947724762142323,0.0018500944572319464
0.3204365079365079,2520,15101.950195019504,0.08979795460214518,0.001856725620161093
0.3224206349206349,2525,15092.331533153316,0.0899761251469907,0.0018604095995661746
0.3244047619047619,2532,15073.094209420942,0.09022556390977443,0.0018655671707332887
0.3253968253968254,2550,14976.907590759076,0.09086697787121834,0.0018788294965915824
0.3263888888888889,2558,14938.43294329433,0.09115205074297117,0.0018847238636397127
0.3273809523809524,2562,14928.814281428144,0.09129458717884759,0.001887671047163778
0.3283730158730158,2574,14871.102310231025,0.09172219648647685,0.0018965125977359737
0.3293650793650793,2581,14832.627662766276,0.0919716352492606,0.0019016701689030877
0.3303571428571428,2600,14755.678367836785,0.09264868331967359,0.0019156692906423976
0.3323412698412698,2605,14746.059705970598,0.09282685386451912,0.0019193532700474791
0.3333333333333333,2615,14717.203720372036,0.09318319495421017,0.0019267212288576422
0.3343253968253968,2640,14611.398439843984,0.0940740476784378,0.00194514112588305
0.3363095238095238,2649,14582.542454245424,0.09439475465915975,0.0019517722888121967
0.3373015873015873,2662,14534.449144914492,0.09485799807575812,0.0019613506352654086
0.3382936507936508,2673,14495.974497449744,0.09524997327441827,0.001969455389956588
0.3402777777777778,2677,14486.35583558356,0.0953925097102947,0.0019724025734806534
0.3412698412698413,2696,14390.169216921691,0.09606955778070769,0.0019864016952199632
0.3422619047619047,2703,14351.694569456946,0.09631899654349144,0.0019915592663870773
0.3432539682539682,2706,14342.07590759076,0.09642589887039875,0.001993769654030126
0.3442460317460317,2715,14303.601260126014,0.09674660585112069,0.002000400816959273
0.3452380952380952,2718,14293.982598259829,0.09685350817802801,0.0020026112046023217
0.3472222222222222,2728,14274.745274527451,0.09720984926771906,0.0020099791634124848
0.3482142857142857,2743,14197.79597959796,0.09774436090225563,0.0020210311016277296
0.3492063492063492,2747,14178.558655865589,0.09788689733813206,0.0020239782851517946
0.3501984126984127,2751,14168.9399939994,0.09802943377400848,0.00202692546867586
0.3511904761904761,2760,14120.846684668468,0.09835014075473043,0.0020335566316050067
0.3531746031746032,2770,14063.134713471349,0.09870648184442148,0.00204092459041517
0.3551587301587302,2773,14053.51605160516,0.0988133841713288,0.0020431349780582185
0.3561507936507936,2776,14043.897389738971,0.09892028649823612,0.0020453453657012675
0.3581349206349206,2780,14034.278727872788,0.09906282293411253,0.002048292549225333
0.3591269841269841,2783,14024.6600660066,0.09916972526101984,0.0020505029368683815
0.3601190476190476,2791,14005.422742274228,0.09945479813277269,0.0020563973039165124
0.3611111111111111,2799,13976.566756675667,0.09973987100452553,0.0020622916709646427
0.3630952380952381,2807,13938.092109210922,0.10002494387627837,0.002068186038012773
0.3640873015873015,2822,13870.761476147614,0.10055945551081495,0.0020792379762280175
0.365079365079365,2830,13841.905490549056,0.1008445283825678,0.0020851323432761483
0.3660714285714285,2841,13803.430843084308,0.10123650358122795,0.0020932370979673274
0.367063492063492,2852,13774.574857485748,0.1016284787798881,0.002101341852658507
0.3680555555555556,2877,13668.769576957697,0.10251933150411574,0.0021197617496839147
0.369047619047619,2880,13659.15091509151,0.10262623383102305,0.0021219721373269634
0.3700396825396825,2893,13630.29492949295,0.10308947724762142,0.0021315504837801755
0.371031746031746,2908,13591.820282028202,0.103623988882158,0.00214260242199542
0.3720238095238095,2909,13582.201620162015,0.1036596229911271,0.0021433392178764363
0.3740079365079365,2915,13562.964296429644,0.10387342764494174,0.0021477599931625344
0.375,2933,13514.87098709871,0.10451484160638563,0.002161022319020828
0.376984126984127,2944,13466.777677767775,0.1049068168050458,0.0021691270737120073
0.3779761904761904,2957,13428.30303030303,0.10537006022164416,0.002178705420165219
0.3799603174603174,2968,13399.447044704471,0.10576203542030431,0.0021868101748563984
0.3809523809523809,2975,13370.591059105913,0.10601147418308805,0.0021919677460235125
0.3829365079365079,2986,13332.116411641164,0.10640344938174821,0.002200072500714692
0.3849206349206349,2994,13303.260426042603,0.10668852225350105,0.0022059668677628223
0.3859126984126984,2998,13293.641764176418,0.10683105868937748,0.0022089140512868877
0.3869047619047619,3005,13255.167116711673,0.10708049745216121,0.0022140716224540017
0.3878968253968254,3009,13245.548454845484,0.10722303388803762,0.002217018805978067
0.3888888888888889,3019,13216.692469246926,0.10757937497772868,0.00222438676478823
0.3898809523809524,3034,13158.980498049805,0.10811388661226526,0.0022354387030034746
0.3908730158730158,3064,13053.175217521752,0.10918290988133841,0.002257542579433964
0.3918650793650793,3068,13043.556555655565,0.10932544631721484,0.0022604897629580293
0.3928571428571428,3076,13014.700570057006,0.10961051918896768,0.0022663841300061597
0.3938492063492063,3085,12985.844584458446,0.10993122616968963,0.0022730152929353064
0.3948412698412698,3090,12966.607260726072,0.11010939671453515,0.0022766992723403877
0.3968253968253968,3094,12956.988598859883,0.11025193315041157,0.002279646455864453
0.3978174603174603,3098,12947.3699369937,0.110394469586288,0.0022825936393885186
0.3988095238095238,3104,12928.132613261329,0.11060827424010262,0.0022870144146746162
0.3998015873015873,3109,12918.51395139514,0.11078644478494815,0.0022906983940796976
0.4007936507936508,3112,12908.895289528951,0.11089334711185547,0.0022929087817227466
0.4017857142857143,3134,12851.183318331834,0.11167729750917578,0.0023091182911051055
0.4027777777777778,3141,12831.94599459946,0.11192673627195952,0.0023142758622722195
0.4037698412698413,3161,12774.23402340234,0.11263941845134162,0.0023290117798925457
0.4047619047619047,3167,12745.37803780378,0.11285322310515626,0.0023334325551786434
0.4057539682539682,3177,12706.903390339034,0.1132095641948473,0.0023408005139888065
0.4067460317460317,3184,12678.047404740477,0.11345900295763105,0.002345958085155921
0.4077380952380952,3187,12668.428742874288,0.11356590528453836,0.0023481684727989695
0.4087301587301587,3190,12658.8100810081,0.11367280761144567,0.0023503788604420186
0.4097222222222222,3194,12649.191419141916,0.1138153440473221,0.002353326043966084
0.4107142857142857,3200,12620.335433543354,0.11402914870113673,0.0023577468192521817
0.4117063492063492,3207,12591.479447944794,0.11427858746392046,0.0023629043904192957
0.4136904761904761,3211,12581.860786078609,0.11442112389979689,0.002365851573943361
0.4146825396825397,3220,12562.623462346235,0.11474183088051883,0.002372482736872508
0.4156746031746032,3224,12543.38613861386,0.11488436731639526,0.002375429920396573
0.4166666666666667,3235,12495.29282928293,0.1152763425150554,0.0023835346750877523
0.4176587301587302,3240,12466.436843684369,0.11545451305990094,0.002387218654492834
0.4186507936507936,3253,12418.343534353437,0.11591775647649931,0.0023967970009460457
0.4196428571428571,3256,12408.72487248725,0.11602465880340662,0.002399007388589095
0.4206349206349206,3261,12399.106210621065,0.11620282934825214,0.0024026913679941766
0.4216269841269841,3271,12379.86888688869,0.1165591704379432,0.0024100593268043392
0.4226190476190476,3275,12370.250225022502,0.11670170687381962,0.0024130065103284046
0.4236111111111111,3277,12351.012901290129,0.11677297509175782,0.0024144801020904373
0.4246031746031746,3280,12341.394239423942,0.11687987741866515,0.0024166904897334864
0.4255952380952381,3285,12331.775577557755,0.11705804796351067,0.0024203744691385677
0.4265873015873015,3290,12322.156915691568,0.1172362185083562,0.0024240584485436495
0.427579365079365,3304,12283.682268226825,0.11773509603392367,0.0024343735908778775
0.4285714285714285,3317,12254.826282628264,0.11819833945052204,0.0024439519373310897
0.429563492063492,3322,12245.207620762076,0.11837650999536757,0.002447635916736171
0.4305555555555556,3333,12197.114311431144,0.11876848519402772,0.0024557406714273504
0.431547619047619,3365,12120.16501650165,0.1199087766810391,0.0024793181396198724
0.4325396825396825,3375,12100.927692769275,0.12026511777073014,0.0024866860984300355
0.4345238095238095,3398,12014.359735973598,0.12108470227701956,0.0025036324036934103
0.435515873015873,3402,12004.74107410741,0.12122723871289598,0.0025065795872174757
0.4365079365079365,3414,11975.88508850885,0.12165484802052524,0.0025154211377896715
0.4375,3432,11927.791779177918,0.12229626198196913,0.002528683463647965
0.439484126984127,3463,11831.605160516052,0.12340091936001141,0.00255152413595947
0.4404761904761904,3465,11821.986498649863,0.12347218757794962,0.002552997727721503
0.4414682539682539,3485,11773.893189318933,0.12418486975733171,0.002567733645341829
0.4424603174603174,3499,11754.65586558656,0.12468374728289919,0.0025780487876760575
0.4434523809523809,3507,11735.418541854186,0.12496882015465204,0.002583943154724188
0.4454365079365079,3513,11725.799879988,0.12518262480846667,0.0025883639300102856
0.4464285714285714,3526,11687.325232523252,0.12564586822506504,0.0025979422764634977
0.4484126984126984,3536,11658.469246924691,0.1260022093147561,0.002605310235273661
0.4494047619047619,3545,11639.23192319232,0.12632291629547804,0.0026119413982028075
0.4503968253968254,3567,11571.901290129012,0.12710686669279836,0.0026281509075851664
0.4513888888888889,3571,11562.282628262828,0.12724940312867478,0.0026310980911092314
0.4523809523809524,3574,11552.66396639664,0.12735630545558208,0.0026333084787522804
0.4533730158730158,3582,11543.045304530451,0.12764137832733494,0.002639202845800411
0.4543650793650793,3585,11533.426642664266,0.12774828065424224,0.00264141323344346
0.4553571428571428,3589,11523.80798079808,0.12789081709011865,0.002644360416967525
0.4563492063492063,3604,11485.333333333334,0.12842532872465523,0.0026554123551827697
0.4583333333333333,3608,11475.714671467147,0.12856786516053167,0.0026583595387068347
0.4593253968253968,3626,11418.002700270026,0.12920927912197555,0.002671621864565128
0.4603174603174603,3632,11389.146714671468,0.12942308377579018,0.0026760426398512263
0.4613095238095238,3636,11369.909390939094,0.12956562021166662,0.0026789898233752912
0.4623015873015873,3648,11341.053405340534,0.12999322951929587,0.002687831373947487
0.4632936507936508,3658,11331.434743474349,0.13034957060898691,0.00269519933275765
0.4642857142857143,3678,11292.9600960096,0.13106225278836903,0.0027099352503779763
0.4652777777777778,3693,11254.485448544854,0.1315967644229056,0.0027209871885932207
0.4662698412698413,3708,11158.298829882988,0.13213127605744218,0.0027320391268084655
0.4672619047619047,3714,11139.061506150616,0.1323450807112568,0.0027364599020945632
0.4682539682539682,3716,11129.44284428443,0.13241634892919502,0.002737933493856596
0.4692460317460317,3720,11119.824182418242,0.13255888536507143,0.0027408806773806613
0.4712301587301587,3726,11110.205520552056,0.13277269001888609,0.002745301452666759
0.4732142857142857,3735,11090.968196819682,0.13309339699960804,0.0027519326155959058
0.4742063492063492,3741,11081.349534953495,0.13330720165342266,0.0027563533908820034
0.4761904761904761,3745,11071.730873087308,0.13344973808929908,0.002759300574406069
0.4771825396825397,3757,11023.637563756376,0.13387734739692833,0.0027681421249782646
0.4781746031746032,3766,10985.162916291629,0.13419805437765028,0.0027747732879074114
0.4791666666666667,3771,10965.925592559255,0.13437622492249582,0.0027784572673124927
0.4801587301587302,3774,10956.30693069307,0.13448312724940312,0.0027806676549555417
0.4811507936507936,3785,10927.45094509451,0.13487510244806328,0.002788772409646721
0.4821428571428571,3790,10917.832283228325,0.1350532729929088,0.0027924563890518025
0.4831349206349206,3803,10888.976297629762,0.13551651640950718,0.0028020347355050147
0.4841269841269841,3808,10879.357635763576,0.13569468695435272,0.002805718714910096
0.4851190476190476,3813,10869.73897389739,0.13587285749919822,0.0028094026943151777
0.4871031746031746,3823,10850.501650165015,0.1362291985888893,0.002816770653125341
0.4880952380952381,3826,10831.264326432643,0.1363361009157966,0.00281898104076839
0.490079365079365,3831,10802.408340834085,0.13651427146064213,0.002822665020173471
0.492063492063492,3835,10792.789678967896,0.13665680789651855,0.0028256122036975366
0.4930555555555556,3840,10773.552355235524,0.13683497844136408,0.002829296183102618
0.494047619047619,3846,10754.31503150315,0.1370487830951787,0.0028337169583887156
0.4950396825396825,3856,10725.45904590459,0.13740512418486975,0.0028410849171988787
0.496031746031746,3868,10706.221722172217,0.13783273349249903,0.0028499264677710745
0.4970238095238095,3877,10686.984398439845,0.13815344047322098,0.0028565576307002212
0.4990079365079365,3891,10658.128412841284,0.13865231799878844,0.0028668727730344497
0.5,3896,10648.509750975098,0.13883048854363397,0.002870556752439531
0.5009920634920635,3913,10610.03510351035,0.13943626839610876,0.002883082282416808
0.501984126984127,3940,10552.323132313231,0.1403983893382746,0.002902975771204249
0.5029761904761905,3954,10523.46714671467,0.14089726686384207,0.002913290913538477
0.503968253968254,3960,10513.848484848484,0.1411110715176567,0.002917711688824575
0.5049603174603174,3973,10494.611161116112,0.14157431493425507,0.0029272900352777867
0.5059523809523809,4000,10398.424542454246,0.1425364358764209,0.002947183524065227
0.5069444444444444,4013,10369.568556855686,0.14299967929301927,0.002956761870518439
0.5079365079365079,4021,10350.331233123312,0.14328475216477213,0.0029626562375665694
0.5089285714285714,4041,10302.23792379238,0.1439974343441542,0.0029773921551868956
0.5099206349206349,4045,10292.619261926193,0.14413997078003066,0.002980339338710961
0.5119047619047619,4051,10283.000600060006,0.14435377543384528,0.0029847601139970587
0.5138888888888888,4061,10263.763276327632,0.14471011652353633,0.0029921280728072218
0.5148809523809523,4075,10234.907290729074,0.1452089940491038,0.0030024432151414503
0.5168650793650794,4080,10225.288628862889,0.14538716459394932,0.0030061271945465316
0.5178571428571429,4084,10215.6699669967,0.14552970102982574,0.003009074378070597
0.5188492063492064,4089,10206.051305130512,0.14570787157467127,0.0030127583574756783
0.5218253968253969,4101,10186.81398139814,0.14613548088230055,0.003021599908047874
0.5238095238095238,4108,10177.195319531951,0.14638491964508427,0.003026757479214988
0.5248015873015873,4117,10148.339333933394,0.14670562662580622,0.003033388642144135
0.5277777777777778,4129,10129.10201020102,0.1471332359334355,0.0030422301927163307
0.5287698412698413,4139,10109.864686468649,0.14748957702312654,0.0030495981515264938
0.5307539682539683,4145,10100.24602460246,0.14770338167694116,0.0030540189268125914
0.5317460317460317,4168,10052.152715271528,0.14852296618323058,0.0030709652320759667
0.5327380952380952,4175,10042.53405340534,0.14877240494601432,0.0030761228032430807
0.5337301587301587,4185,10023.296729672968,0.1491287460357054,0.003083490762053244
0.5347222222222222,4225,9955.966096609662,0.1505541103944696,0.003112962597293896
0.5357142857142857,4240,9927.1101110111,0.15108862202900616,0.0031240145355091405
0.5367063492063492,4250,9907.872787278728,0.1514449631186972,0.0031313824943193036
0.5376984126984127,4262,9888.635463546354,0.15187257242632649,0.0031402240448914994
0.5386904761904762,4291,9840.542154215422,0.15290596158643052,0.0031615911254409723
0.5406746031746031,4303,9811.68616861686,0.1533335708940598,0.003170432676013168
0.5416666666666666,4309,9792.448844884488,0.15354737554787443,0.003174853451299266
0.5426587301587301,4332,9744.355535553555,0.15436696005416384,0.003191799756562641
0.5436507936507936,4339,9725.118211821182,0.15461639881694758,0.003196957327729755
0.5446428571428571,4370,9648.16891689169,0.15572105619498985,0.0032197980000412607
0.5456349206349206,4376,9638.550255025502,0.15593486084880448,0.0032242187753273584
0.5466269841269841,4395,9609.694269426942,0.15661190891921747,0.003238217897066668
0.5476190476190477,4411,9590.45694569457,0.15718205466272317,0.003250006631162929
0.5496031746031746,4430,9542.363636363636,0.15785910273313616,0.0032640057529022388
0.5505952380952381,4435,9532.74497449745,0.15803727327798167,0.0032676897323073205
0.5515873015873016,4446,9513.507650765076,0.15842924847664183,0.0032757944869985
0.5525793650793651,4453,9503.88898889889,0.15867868723942558,0.003280952058165614
0.5535714285714286,4466,9484.651665166515,0.15914193065602394,0.003290530404618826
0.5555555555555556,4475,9465.414341434143,0.1594626376367459,0.003297161567547973
0.5565476190476191,4489,9446.17701770177,0.15996151516231336,0.003307476709882201
0.5575396825396826,4496,9436.558355835585,0.1602109539250971,0.0033126342810493154
0.560515873015873,4507,9417.321032103211,0.16060292912375726,0.0033207390357404944
0.564484126984127,4524,9398.083708370836,0.16120870897623205,0.003333264565717772
0.5654761904761905,4556,9349.990399039903,0.1623490004632434,0.0033568420339102935
0.566468253968254,4566,9330.753075307532,0.16270534155293448,0.0033642099927204566
0.5674603174603174,4574,9321.134413441345,0.1629904144246873,0.003370104359768587
0.5684523809523809,4582,9311.515751575158,0.16327548729644015,0.0033759987268167178
0.5694444444444444,4586,9301.897089708971,0.16341802373231656,0.0033789459103407827
0.5704365079365079,4597,9282.659765976598,0.16380999893097672,0.003387050665031962
0.5724206349206349,4603,9263.422442244224,0.16402380358479135,0.00339147144031806
0.5734126984126984,4608,9253.803780378035,0.16420197412963689,0.0033951554197231416
0.5753968253968254,4631,9215.329132913292,0.1650215586359263,0.003412101724986517
0.5763888888888888,4635,9205.710471047105,0.16516409507180274,0.003415048908510582
0.5773809523809523,4651,9176.854485448544,0.1657342408153084,0.0034268376426068426
0.5783730158730159,4656,9167.235823582358,0.16591241136015394,0.0034305216220119244
0.5803571428571429,4666,9157.61716171617,0.166268752449845,0.0034378895808220874
0.5813492063492064,4681,9128.761176117612,0.16680326408438156,0.003448941519037332
0.5823412698412699,4684,9119.142514251424,0.1669101664112889,0.003451151906680381
0.5833333333333334,4707,9080.667866786678,0.1677297509175783,0.003468098211943756
0.5843253968253969,4722,9042.193219321933,0.16826426255211488,0.0034791501501590005
0.5853174603174603,4727,9032.574557455746,0.16844243309696041,0.003482834129564082
0.5863095238095238,4731,9022.95589558956,0.16858496953283683,0.0034857813130881473
0.5892857142857143,4747,8984.481248124812,0.16915511527634253,0.003497570047184408
0.5912698412698413,4757,8965.243924392438,0.16951145636603357,0.003504938005994571
0.5922619047619048,4781,8926.769276927693,0.1703666749812921,0.0035226211071389627
0.5932539682539683,4791,8917.150615061506,0.17072301607098314,0.003529989065949126
0.5952380952380952,4795,8907.531953195321,0.17086555250685956,0.0035329362494731908
0.5962301587301587,4802,8897.913291329132,0.1711149912696433,0.0035380938206403052
0.5972222222222222,4808,8869.057305730574,0.17132879592345793,0.003542514595926403
0.5982142857142857,4818,8849.8199819982,0.171685137013149,0.003549882554736566
0.5992063492063492,4830,8830.582658265826,0.17211274632077825,0.003558724105308762
0.6001984126984127,4845,8792.10801080108,0.17264725795531483,0.003569776043524006
0.6011904761904762,4857,8772.870687068707,0.17307486726294408,0.003578617594096202
0.6021825396825397,4871,8753.633363336334,0.17357374478851156,0.00358893273643043
0.6031746031746031,4875,8744.014701470147,0.17371628122438798,0.0035918799199544955
0.6041666666666666,4881,8734.39603960396,0.1739300858782026,0.003596300695240593
0.6071428571428571,4913,8695.921392139215,0.17507037736521397,0.003619878163433115
0.6081349206349206,4932,8657.446744674467,0.175747425435627,0.003633877285172425
0.6091269841269841,4942,8647.82808280828,0.17610376652531803,0.003641245243982588
0.6101190476190477,4965,8618.97209720972,0.17692335103160745,0.0036581915492459633
0.6121031746031746,4973,8599.734773477347,0.1772084239033603,0.0036640859162940936
0.6130952380952381,4998,8561.260126012601,0.17809927662758793,0.003682505813319501
0.6140873015873016,5022,8532.40414041404,0.17895449524284646,0.0037001889144638927
0.6160714285714286,5048,8484.310831083108,0.1798809820760432,0.0037193456073703166
0.6170634920634921,5054,8474.692169216922,0.18009478672985782,0.0037237663826564142
0.6180555555555556,5089,8426.598859885988,0.1813419805437765,0.0037495542384919853
0.6190476190476191,5116,8388.124212421242,0.18230410148594234,0.0037694477272794255
0.6200396825396826,5119,8378.505550555055,0.18241100381284966,0.0037716581149224745
0.6220238095238095,5125,8368.886888688869,0.1826248084666643,0.003776078890208572
0.623015873015873,5129,8359.268226822682,0.1827673449025407,0.0037790260737326376
0.6240079365079365,5144,8330.412241224123,0.18330185653707728,0.003790078011947882
0.625,5156,8311.17491749175,0.18372946584470656,0.003798919562520078
0.6259920634920635,5162,8301.556255625563,0.1839432704985212,0.0038033403378061755
0.626984126984127,5166,8291.937593759376,0.1840858069343976,0.003806287521330241
0.628968253968254,5179,8282.318931893189,0.18454905035099597,0.0038158658677834526
0.6299603174603174,5187,8272.700270027002,0.1848341232227488,0.003821760234831583
0.6309523809523809,5194,8263.081608160817,0.18508356198553255,0.0038269178059986975
0.6329365079365079,5233,8195.75097509751,0.18647329223532766,0.0038556528453583335
0.6339285714285714,5256,8166.89498949895,0.18729287674161707,0.0038725991506217083
0.6349206349206349,5264,8157.276327632763,0.1875779496133699,0.0038784935176698386
0.6359126984126984,5278,8138.0390039003905,0.1880768271389374,0.003888808660004067
0.6369047619047619,5286,8128.420342034204,0.18836190001069023,0.0038947030270521975
0.6378968253968254,5292,8118.801680168017,0.18857570466450485,0.003899123802338295
0.6388888888888888,5311,8099.564356435643,0.18925275273491787,0.003913122924077605
0.6408730158730159,5326,8080.327032703271,0.18978726436945445,0.00392417486229285
0.6428571428571429,5351,8051.47104710471,0.19067811709368207,0.003942594759318257
0.6448412698412699,5394,7993.759075907591,0.1922103837793536,0.003974276982201958
0.6458333333333334,5409,7974.521752175217,0.19274489541389017,0.003985328920417203
0.6468253968253969,5426,7955.284428442845,0.19335067526636496,0.003997854450394481
0.6478174603174603,5444,7926.428442844284,0.19399208922780886,0.004011116776252774
0.6488095238095238,5452,7916.8097809780975,0.1942771620995617,0.004017011143300904
0.6507936507936508,5474,7887.953795379538,0.19506111249688202,0.004033220652683263
0.6517857142857143,5492,7868.716471647165,0.19570252645832592,0.0040464829785415565
0.6537698412698413,5515,7849.479147914792,0.19652211096461533,0.004063429283804932
0.6547619047619048,5535,7820.623162316232,0.19723479314399744,0.004078165201425258
0.6557539682539683,5548,7811.004500450045,0.1976980365605958,0.00408774354787847
0.6567460317460317,5564,7791.767176717672,0.19826818230410148,0.004099532281974731
0.6587301587301587,5585,7762.911191119112,0.19901649859245268,0.004115004995476073
0.6597222222222222,5590,7753.292529252925,0.19919466913729822,0.004118688974881155
0.6607142857142857,5598,7734.055205520553,0.19947974200905105,0.0041245833419292855
0.6626984126984127,5619,7714.817881788179,0.20022805829740228,0.004140056055430628
0.6636904761904762,5640,7685.961896189619,0.2009763745857535,0.0041555287689319705
0.6646825396825397,5646,7676.343234323433,0.2011901792395681,0.004159949544218068
0.6666666666666666,5658,7666.724572457246,0.2016177885471974,0.004168791094790264
0.6686507936507936,5674,7647.487248724872,0.20218793429070306,0.004180579828886525
0.6696428571428571,5687,7637.868586858686,0.20265117770730143,0.004190158175339737
0.6706349206349206,5709,7609.012601260126,0.20343512810462175,0.004206367684722095
0.6716269841269841,5720,7599.393939393939,0.2038271033032819,0.004214472439413274
0.6726190476190477,5753,7560.919291929193,0.20500302889926236,0.004238786703486813
0.6736111111111112,5780,7522.444644464446,0.20596514984142822,0.004258680192274253
0.6755952380952381,5794,7503.207320732074,0.20646402736699568,0.004268995334608482
0.6765873015873016,5798,7493.588658865887,0.20660656380287212,0.004271942518132546
0.6775793650793651,5803,7483.9699969997,0.20678473434771763,0.0042756264975376285
0.6795634920634921,5811,7474.351335133513,0.20706980721947046,0.0042815208645857585
0.6805555555555556,5822,7464.732673267326,0.20746178241813062,0.004289625619276938
0.6815476190476191,5839,7445.495349534954,0.2080675622706054,0.0043021511492542155
0.6825396825396826,5854,7426.25802580258,0.208602073905142,0.0043132030874694595
0.683531746031746,5864,7416.639363936394,0.20895841499483306,0.004320571046279623
0.6865079365079365,5875,7407.020702070207,0.20935039019349322,0.004328675800970802
0.6884920634920635,5899,7368.546054605461,0.21020560880875175,0.004346358902115194
0.689484126984127,5912,7349.308730873087,0.21066885222535012,0.004355937248568405
0.6904761904761905,5925,7339.690069006901,0.2111320956419485,0.004365515595021617
0.691468253968254,5956,7310.834083408341,0.21223675301999073,0.004388356267333123
0.6924603174603174,5969,7291.596759675967,0.2126999964365891,0.004397934613786335
0.6934523809523809,5986,7272.359435943595,0.2133057762890639,0.004410460143763613
0.6954365079365079,5994,7253.122112211221,0.21359084916081672,0.004416354510811743
0.6964285714285714,6002,7243.503450345034,0.21387592203256958,0.0044222488778598735
0.6974206349206349,6013,7233.884788478848,0.21426789723122974,0.004430353632551053
0.6984126984126984,6016,7224.266126612661,0.21437479955813704,0.0044325640201941015
0.6994047619047619,6029,7214.647464746475,0.2148380429747354,0.004442142366647314
0.7003968253968254,6049,7195.410141014101,0.21555072515411752,0.00445687828426764
0.7013888888888888,6053,7185.791479147915,0.21569326158999394,0.004459825467791705
0.7023809523809523,6065,7176.172817281728,0.21612087089762322,0.004468667018363901
0.7043650793650794,6085,7156.935493549355,0.2168335530770053,0.004483402935984227
0.7063492063492064,6094,7147.316831683168,0.21715426005772726,0.0044900340989133735
0.7073412698412699,6123,7118.460846084608,0.21818764921783132,0.0045114011794628464
0.7083333333333334,6134,7108.842184218422,0.21857962441649145,0.004519505934154026
0.7093253968253969,6145,7099.223522352236,0.2189715996151516,0.004527610688845205
0.7103174603174603,6155,7089.604860486049,0.21932794070484268,0.004534978647655368
0.7113095238095238,6180,7060.7488748874885,0.2202187934290703,0.0045533985446807755
0.7123015873015873,6212,7031.892889288929,0.22135908491608167,0.004576976012873298
0.7132936507936508,6229,7012.655565556555,0.22196486476855645,0.0045895015428505746
0.7142857142857143,6239,6993.418241824183,0.22232120585824752,0.004596869501660738
0.7152777777777778,6247,6983.799579957996,0.22260627873000036,0.004602763868708868
0.7162698412698413,6254,6974.180918091809,0.2228557174927841,0.004607921439875983
0.7172619047619048,6266,6964.562256225623,0.22328332680041335,0.004616762990448178
0.7182539682539683,6278,6945.324932493249,0.22371093610804263,0.004625604541020374
0.7192460317460317,6310,6916.46894689469,0.224851227595054,0.004649182009212896
0.7202380952380952,6320,6906.850285028503,0.22520756868474504,0.004656549968023059
0.7232142857142857,6330,6897.231623162316,0.22556390977443608,0.004663917926833222
0.7251984126984127,6362,6868.375637563757,0.22670420126144747,0.004687495395025744
0.7261904761904762,6375,6849.138313831383,0.22716744467804584,0.004697073741478956
0.7271825396825397,6380,6839.519651965196,0.22734561522289135,0.004700757720884037
0.7281746031746031,6398,6820.282328232824,0.22798702918433525,0.004714020046742331
0.7291666666666666,6404,6810.663666366637,0.22820083383814987,0.004718440822028429
0.7301587301587301,6430,6781.807680768077,0.2291273206713466,0.004737597514934852
0.7311507936507936,6438,6772.18901890189,0.22941239354309945,0.004743491881982983
0.7321428571428571,6453,6752.951695169517,0.22994690517763602,0.004754543820198228
0.7331349206349206,6461,6743.33303330333,0.23023197804938889,0.004760438187246358
0.7371031746031746,6471,6733.714371437144,0.23058831913907993,0.004767806146056521
0.7400793650793651,6476,6724.095709570957,0.23076648968392546,0.004771490125461603
0.7410714285714286,6524,6676.002400240024,0.2324769269144425,0.004806856327750385
0.7420634920634921,6534,6666.383738373837,0.23283326800413356,0.0048142242865605485
0.7440476190476191,6572,6637.527752775278,0.23418736414495955,0.004842222530039168
0.7450396825396826,6660,6560.578457845784,0.2373231657342408,0.004907060567568603
0.7470238095238095,6667,6550.959795979598,0.23757260449702455,0.004912218138735717
0.748015873015873,6675,6541.341134113412,0.2378576773687774,0.004918112505783848
0.75,6733,6474.010501050105,0.2399244556889855,0.0049608466668827934
0.7509920634920635,6749,6454.773177317732,0.24049460143249118,0.004972635400979054
0.753968253968254,6780,6425.917191719172,0.24159925881053343,0.00499547607329056
0.7549603174603174,6803,6406.679867986799,0.24241884331682287,0.005012422378553935
0.7559523809523809,6855,6358.586558655866,0.24427181698321634,0.005050735764366783
0.7569444444444444,6875,6339.349234923492,0.24498449916259843,0.005065471681987109
0.7579365079365079,6899,6320.111911191119,0.24583971777785696,0.0050831547831315
0.7599206349206349,6931,6291.255925592559,0.24698000926486832,0.0051067322513240225
0.7638888888888888,6976,6252.781278127813,0.24858354416847805,0.005139888065969756
0.7648809523809523,7021,6204.687968796879,0.2501870790720878,0.00517304388061549
0.7658730158730159,7036,6195.0693069306935,0.25072159070662436,0.005184095818830735
0.7668650793650794,7062,6166.213321332133,0.2516480775398211,0.005203252511737158
0.7678571428571429,7072,6156.594659465946,0.2520044186295122,0.005210620470547322
0.7688492063492064,7088,6146.97599759976,0.25257456437301784,0.005222409204643582
0.7698412698412699,7106,6127.738673867387,0.25321597833446174,0.005235671530501876
0.7708333333333334,7167,6060.408040804081,0.2553896589815772,0.00528061607924387
0.7718253968253969,7196,6041.170717071707,0.2564230481416812,0.005301983159793343
0.7738095238095238,7231,6012.314731473148,0.2576702419555999,0.005327771015628914
0.7748015873015873,7244,6002.696069606961,0.25813348537219827,0.005337349362082126
0.7757936507936508,7273,5983.458745874587,0.2591668745323023,0.005358716442631599
0.7767857142857143,7289,5964.221422142215,0.25973702027580803,0.00537050517672786
0.7777777777777778,7328,5925.746774677468,0.2611267505256031,0.005399240216087496
0.7807539682539683,7415,5848.797479747975,0.26422691800591525,0.005463341457735914
0.7817460317460317,7427,5839.178817881788,0.26465452731354455,0.0054721830083081105
0.7827380952380952,7435,5829.560156015602,0.2649396001852974,0.0054780773753562405
0.7857142857142857,7449,5819.941494149415,0.2654384777108648,0.005488392517690469
0.7867063492063492,7465,5810.322832283228,0.26600862345437054,0.00550018125178673
0.7876984126984127,7474,5800.7041704170415,0.2663293304350925,0.005506812414715877
0.7886904761904762,7512,5771.848184818482,0.2676834265759185,0.0055348106581944966
0.7906746031746031,7521,5762.229522952295,0.26800413355664043,0.005541441821123643
0.7916666666666666,7533,5752.610861086108,0.2684317428642697,0.005550283371695839
0.7926587301587301,7568,5714.136213621362,0.2696789366781884,0.00557607122753141
0.7936507936507936,7597,5694.898889888989,0.2707123258382924,0.005597438308080883
0.7946428571428571,7604,5685.2802280228025,0.2709617646010761,0.005602595879247997
0.7956349206349206,7674,5627.5682568256825,0.2734561522289135,0.005654171590919138
0.7966269841269841,7682,5617.949594959496,0.27374122510066634,0.005660065957967269
0.7986111111111112,7707,5598.712271227123,0.27463207782489396,0.005678485854992676
0.7996031746031746,7723,5579.474947494749,0.2752022235683997,0.005690274589088937
0.8005952380952381,7762,5541.000300030003,0.2765919538181948,0.005719009628448573
0.8015873015873016,7779,5521.762976297629,0.2771977336706696,0.00573153515842585
0.8025793650793651,7807,5492.90699069907,0.2781954887218045,0.005752165443094307
0.8045634920634921,7831,5473.669666966697,0.27905070733706305,0.0057698485442386985
0.8065476190476191,7869,5444.813681368137,0.28040480347788904,0.005797846787717318
0.8075396825396826,7879,5435.19501950195,0.2807611445675801,0.005805214746527481
0.808531746031746,7894,5425.576357635764,0.28129565620211666,0.005816266684742726
0.8095238095238095,7924,5396.720372037204,0.2823646794711898,0.0058383705611732145
0.8125,7950,5377.483048304831,0.28329116630438655,0.005857527254079639
0.8134920634920635,7965,5367.864386438644,0.28382567793892316,0.005868579192294884
0.8154761904761905,8009,5319.771077107711,0.28539357873356375,0.0059009982110596005
0.8174603174603174,8022,5310.152415241524,0.2858568221501621,0.005910576557512813
0.8184523809523809,8037,5300.533753375337,0.2863913337846987,0.0059216284957280575
0.8204365079365079,8045,5290.915091509151,0.28667640665645155,0.005927522862776188
0.8214285714285714,8110,5242.821782178218,0.2889926237394434,0.005975414595042248
0.8224206349206349,8153,5204.347134713471,0.2905248904251149,0.006007096817925949
0.8234126984126984,8167,5194.728472847285,0.2910237679506824,0.006017411960260177
0.8244047619047619,8206,5165.872487248725,0.2924134982004775,0.006046146999619814
0.8263888888888888,8220,5156.253825382539,0.29291237572604495,0.006056462141954042
0.8293650793650794,8237,5146.635163516352,0.29351815557851973,0.006068987671931319
0.8303571428571429,8248,5137.016501650165,0.2939101307771799,0.006077092426622498
0.8333333333333334,8266,5127.397839783978,0.2945515447386238,0.006090354752480791
0.8343253968253969,8280,5117.779177917792,0.29505042226419126,0.00610066989481502
0.8353174603174603,8320,5088.923192319232,0.2964757866229555,0.006130141730055673
0.8363095238095238,8349,5060.067206720672,0.2975091757830595,0.0061515088106051455
0.8373015873015873,8367,5050.448544854486,0.2981505897445034,0.006164771136463439
0.8382936507936508,8413,5021.592559255926,0.2997897587570823,0.0061986637469901885
0.8392857142857143,8498,4973.499249924993,0.30281865801945623,0.0062612913968765746
0.8412698412698413,8514,4963.880588058806,0.3033888037629619,0.006273080130972836
0.8432539682539683,8525,4954.261926192619,0.3037807789616221,0.006281184885664015
0.8442460317460317,8553,4935.024602460246,0.304778534012757,0.006301815170332472
0.8462301587301587,8577,4915.787278727873,0.3056337526280155,0.006319498271476863
0.8472222222222222,8606,4896.549954995499,0.3066671417881196,0.006340865352026336
0.8482142857142857,8703,4838.837983798379,0.3101236503581228,0.006412334552484918
0.8511904761904762,8749,4809.98199819982,0.31176281937070166,0.006446227163011668
0.8531746031746031,8785,4790.744674467447,0.3130456472935894,0.006472751814728255
0.8541666666666666,8840,4752.2700270027,0.3150055232868902,0.006513275588184152
0.8551587301587301,8861,4742.651365136513,0.31575383957524145,0.006528748301685494
0.8561507936507936,8872,4733.032703270327,0.3161458147739016,0.006536853056376674
0.8571428571428571,8964,4675.320732073207,0.3194241527990593,0.006604638277430174
0.8581349206349206,8990,4656.083408340834,0.320350639632256,0.006623794970336598
0.8591269841269841,9015,4636.846084608461,0.32124149235648364,0.006642214867362006
0.8621031746031746,9041,4617.608760876088,0.3221679791896804,0.00666137156026843
0.8630952380952381,9058,4607.990099009901,0.32277375904215516,0.0066738970902457066
0.8640873015873016,9077,4598.3714371437145,0.32345080711256813,0.006687896211985017
0.8650793650793651,9102,4579.134113411341,0.3243416598367958,0.006706316109010424
0.8660714285714286,9133,4559.896789678968,0.325446317214838,0.00672915678132193
0.8670634920634921,9143,4550.278127812781,0.3258026583045291,0.006736524740132093
0.8680555555555556,9159,4540.6594659465945,0.32637280404803476,0.006748313474228353
0.8690476190476191,9255,4492.566156615661,0.3297936785090689,0.006819045878805919
0.8700396825396826,9274,4482.947494749475,0.3304707265794819,0.006833045000545229
0.871031746031746,9309,4463.710171017102,0.3317179203934006,0.0068588328563808
0.8720238095238095,9347,4444.472847284729,0.3330720165342266,0.00688683109985942
0.873015873015873,9363,4434.854185418542,0.33364216227773225,0.0068986198339556805
0.8740079365079365,9404,4415.616861686169,0.33510316074546553,0.006928828465077349
0.8759920634920635,9422,4405.998199819982,0.33574457470690944,0.006942090790935642
0.876984126984127,9433,4396.379537953795,0.3361365499055696,0.006950195545626822
0.8779761904761905,9467,4377.142214221422,0.3373481096105192,0.006975246605581376
0.878968253968254,9508,4357.904890489049,0.3388091080782525,0.007005455236703045
0.8799603174603174,9546,4338.667566756676,0.3401632042190785,0.007033453480181665
0.8809523809523809,9558,4329.048904890489,0.3405908135267078,0.00704229503075386
0.8819444444444444,9741,4232.862286228623,0.347111855468054,0.007177128676979844
0.8829365079365079,9778,4213.624962496249,0.34843031749991094,0.007204390124577448
0.8839285714285714,9799,4204.006300630063,0.34917863378826214,0.00721986283807879
0.8849206349206349,9819,4194.387638763877,0.3498913159676442,0.007234598755699116
0.8859126984126984,9847,4184.76897689769,0.3508890710187792,0.007255229040367572
0.8869047619047619,9916,4155.91299129913,0.35334782453764746,0.007306067956157698
0.8878968253968254,10014,4107.819681968197,0.35683996721661976,0.007378273952497296
0.8888888888888888,10036,4098.20102010201,0.3576239176139401,0.007394483461879655
0.8898809523809523,10056,4088.582358235824,0.35833659979332216,0.007409219379499981
0.8918650793650794,10074,4078.963696369637,0.35897801375476607,0.007422481705358274
0.8938492063492064,10087,4069.34503450345,0.35944125717136444,0.007432060051811486
0.8958333333333334,10125,4050.107710771077,0.3607953533121904,0.007460058295290106
0.8998015873015873,10210,4011.6330633063303,0.36382425257456436,0.007522685945176492
0.9017857142857144,10234,4002.014401440144,0.3646794711898229,0.007540369046320884
0.9027777777777778,10324,3963.5397539753976,0.3678865409970424,0.007606680675612351
0.9037698412698412,10343,3953.921092109211,0.36856358906745534,0.007620679797351661
0.9057539682539684,10366,3944.302430243024,0.3693831735737448,0.007637626102615036
0.9067460317460316,10389,3934.6837683768376,0.3702027580800342,0.007654572407878411
0.9077380952380952,10402,3925.0651065106513,0.3706660014966326,0.007664150754331623
0.9087301587301588,10455,3896.2091209120913,0.37255460927199513,0.0077032009360254875
0.9107142857142856,10497,3876.971797179718,0.3740512418486976,0.0077341463630281725
0.9117063492063492,10569,3848.115811581158,0.37661689769447315,0.007787195666461346
0.9126984126984128,10659,3800.022502250225,0.3798239675016926,0.007853507295752814
0.9136904761904762,10674,3790.403840384039,0.3803584791362292,0.007864559233968059
0.9146825396825397,10692,3780.785178517852,0.38099989309767307,0.007877821559826352
0.9156746031746033,10820,3723.073207320732,0.3855610590457186,0.00797213143259644
0.91765873015873,10845,3713.4545454545455,0.3864519117699462,0.007990551329621847
0.9186507936507936,10885,3694.217221722172,0.3878772761287104,0.0080200231648625
0.9196428571428572,10960,3665.361236123612,0.3905498343013933,0.008075282855938722
0.9206349206349206,10987,3655.742574257426,0.39151195524355914,0.008095176344726162
0.921626984126984,11011,3646.123912391239,0.39236717385881764,0.008112859445870554
0.9236111111111112,11040,3626.886588658866,0.39340056301892173,0.008134226526420027
0.9246031746031746,11156,3588.41194119412,0.39753411965933794,0.008219694848617919
0.9265873015873016,11178,3578.793279327933,0.39831807005665826,0.008235904358000277
0.9275793650793652,11213,3559.55595559556,0.3995652638705769,0.008261692213835848
0.9305555555555556,11247,3549.937293729373,0.4007768235755265,0.008286743273790403
0.9315476190476192,11314,3521.0813081308133,0.40316430887645655,0.008336108597818494
0.9325396825396826,11366,3501.84398439844,0.40501728254285,0.008374421983631343
0.933531746031746,11386,3492.2253225322534,0.4057299647222321,0.008389157901251668
0.9345238095238096,11411,3482.6066606660665,0.4066208174464597,0.008407577798277076
0.935515873015873,11430,3472.98799879988,0.40729786551687275,0.008421576920016386
0.9365079365079364,11488,3444.13201320132,0.4093646438370809,0.008464311081115332
0.9375,11516,3434.5133513351334,0.4103623988882158,0.008484941365783788
0.9384920634920636,11601,3396.038703870387,0.4133912981505897,0.008547569015670175
0.939484126984127,11666,3367.182718271827,0.41570751523358157,0.008595460747936235
0.9404761904761904,11715,3347.945394539454,0.41745358657306775,0.008631563746106033
0.941468253968254,11806,3319.089408940894,0.42069629048925633,0.008698612171278517
0.9424603174603174,11891,3290.2334233423344,0.42372518975163026,0.008761239821164904
0.9434523809523808,12058,3222.902790279028,0.4296760859494708,0.008884284733294627
0.945436507936508,12090,3213.2841284128413,0.4308163774364822,0.008907862201487149
0.9464285714285714,12272,3145.953495349535,0.4373017852688594,0.009041959051832117
0.9474206349206348,12327,3126.7161716171618,0.43926166126216015,0.009082482825288014
0.9484126984126984,12347,3117.097509750975,0.43997434344154224,0.00909721874290834
0.949404761904762,12383,3107.4788478847886,0.44125717136443005,0.009123743394624927
0.9503968253968254,12439,3088.2415241524154,0.44325268146669994,0.00916500396396184
0.9513888888888888,12459,3078.6228622862286,0.443965363646082,0.009179739881582166
0.9523809523809524,12474,3069.0042004200423,0.44449987528061863,0.00919079181979741
0.953373015873016,12507,3059.3855385538554,0.4456758008765991,0.009215106083870949
0.9543650793650794,12599,3030.5295529552955,0.4489541389017568,0.009282891304924448
0.9553571428571428,12650,3011.2922292229223,0.45077147845918114,0.00932046789485628
0.9563492063492064,12686,3001.6735673567355,0.4520543063820689,0.009346992546572867
0.95734126984127,12742,2982.4362436243623,0.4540498164843388,0.009388253115909781
0.9583333333333334,12788,2963.198919891989,0.45568898549691766,0.00942214572643653
0.9593253968253967,12824,2953.580258025803,0.4569718134198054,0.009448670378153117
0.9603174603174603,12905,2924.724272427243,0.459858176246303,0.009508350844515439
0.9642857142857144,13182,2838.1563156315638,0.4697288244307451,0.009712443303556955
0.9652777777777778,13253,2818.9189918991897,0.4722588461675516,0.009764755811109114
0.9672619047619048,13305,2799.681668166817,0.47411181983394507,0.00980306919692196
0.9682539682539684,13333,2790.06300630063,0.47510957488508,0.009823699481590419
0.9692460317460316,13604,2713.113711371137,0.4847664184157075,0.010023371165345837
0.9702380952380952,13636,2703.4950495049507,0.4859067099027189,0.010046948633538359
0.9712301587301588,13873,2626.545754575457,0.49435199372839683,0.010221569257339224
0.9722222222222222,13901,2616.927092709271,0.49534974877953175,0.01024219954200768
0.9732142857142856,14207,2530.359135913592,0.506253786124078,0.01046765908159867
0.9742063492063492,14612,2424.5538553855386,0.5206856002565656,0.010766061413410275
0.9751984126984128,14778,2376.4605460546054,0.526600862345437,0.010888369529658982
0.9761904761904762,15109,2289.892589258926,0.5383957524142109,0.011132248966275378
0.9771825396825397,15225,2261.0366036603664,0.542529309054627,0.01121771728847327
0.9791666666666666,15274,2251.41794179418,0.5442753803941133,0.01125382028664307
0.98015873015873,15312,2241.7992799279928,0.5456294765349392,0.011281818530121689
0.9811507936507936,15512,2193.70597059706,0.5527562983287603,0.01142917770632495
0.9831349206349206,15729,2145.6126612661265,0.5604888999750561,0.011589062412505489
0.984126984126984,15778,2135.99399939994,0.5622349713145423,0.011625165410675289
0.9851190476190476,15964,2097.5193519351933,0.5688629155827959,0.01176220944454432
0.9861111111111112,16189,2049.42604260426,0.5768805901008446,0.01192798851777299
0.9871031746031746,16266,2030.1887188718872,0.5796244164914657,0.011984721800611246
0.988095238095238,16370,2010.951395139514,0.5833303638242526,0.012061348572236941
0.9890873015873016,16556,1972.4767476747677,0.5899583080925062,0.012198392606105975
0.9900793650793652,16877,1914.764776477648,0.601396857071589,0.012434904083912209
0.9910714285714286,17205,1857.052805280528,0.6130848448134555,0.012676573132885558
0.992063492063492,17516,1808.9594959495948,0.6241670527028471,0.01290571665188163
0.9930555555555556,17735,1770.4848484848485,0.6319709225670812,0.0130670749498242
0.9940476190476192,17997,1732.0102010201022,0.6413070591169868,0.013260115470650473
0.9950396825396826,18721,1626.2049204920493,0.667106154010619,0.013793555688506279
0.996031746031746,18795,1616.586258625863,0.6697430780743328,0.013848078583701486
0.9970238095238096,23165,1135.6531653165316,0.8254641342693226,0.017067876583742748
0.9990079365079364,23945,1068.3225322532253,0.8532587392652247,0.017642577370935466
1.0,28063,799.0,1.0,0.020676702808960615
